0.000000000000000000e+00
1.000000000000000000e+00
1.500000000000000000e+01
2.300000000000000000e+01
3.900000000000000000e+01
6.900000000000000000e+01
7.900000000000000000e+01
1.620000000000000000e+02
1.690000000000000000e+02
2.020000000000000000e+02
2.050000000000000000e+02
2.130000000000000000e+02
2.520000000000000000e+02
2.550000000000000000e+02
3.060000000000000000e+02
3.080000000000000000e+02
3.120000000000000000e+02
3.220000000000000000e+02
3.690000000000000000e+02
3.710000000000000000e+02
3.790000000000000000e+02
4.340000000000000000e+02
4.480000000000000000e+02
4.550000000000000000e+02
4.780000000000000000e+02
4.790000000000000000e+02
4.800000000000000000e+02
4.810000000000000000e+02
4.920000000000000000e+02
5.070000000000000000e+02
5.130000000000000000e+02
5.350000000000000000e+02
5.480000000000000000e+02
6.230000000000000000e+02
6.260000000000000000e+02
6.400000000000000000e+02
6.440000000000000000e+02
6.570000000000000000e+02
6.820000000000000000e+02
6.830000000000000000e+02
6.970000000000000000e+02
7.000000000000000000e+02
7.520000000000000000e+02
7.720000000000000000e+02
7.760000000000000000e+02
7.770000000000000000e+02
7.810000000000000000e+02
8.240000000000000000e+02
8.320000000000000000e+02
8.390000000000000000e+02
8.830000000000000000e+02
9.130000000000000000e+02
9.360000000000000000e+02
9.600000000000000000e+02
9.640000000000000000e+02
9.770000000000000000e+02
9.890000000000000000e+02
9.930000000000000000e+02
1.006000000000000000e+03
1.020000000000000000e+03
1.026000000000000000e+03
1.115000000000000000e+03
1.137000000000000000e+03
1.185000000000000000e+03
1.187000000000000000e+03
1.193000000000000000e+03
1.239000000000000000e+03
1.242000000000000000e+03
1.256000000000000000e+03
1.269000000000000000e+03
1.304000000000000000e+03
1.310000000000000000e+03
1.397000000000000000e+03
1.415000000000000000e+03
1.420000000000000000e+03
1.428000000000000000e+03
1.429000000000000000e+03
1.433000000000000000e+03
1.436000000000000000e+03
1.437000000000000000e+03
1.490000000000000000e+03
1.498000000000000000e+03
1.506000000000000000e+03
1.512000000000000000e+03
1.521000000000000000e+03
1.534000000000000000e+03
1.554000000000000000e+03
1.559000000000000000e+03
1.567000000000000000e+03
1.578000000000000000e+03
1.579000000000000000e+03
1.589000000000000000e+03
1.591000000000000000e+03
1.599000000000000000e+03
1.602000000000000000e+03
1.606000000000000000e+03
1.607000000000000000e+03
1.609000000000000000e+03
1.619000000000000000e+03
1.620000000000000000e+03
1.624000000000000000e+03
1.641000000000000000e+03
1.652000000000000000e+03
1.659000000000000000e+03
1.677000000000000000e+03
1.700000000000000000e+03
1.716000000000000000e+03
1.719000000000000000e+03
1.756000000000000000e+03
1.758000000000000000e+03
1.774000000000000000e+03
1.777000000000000000e+03
1.781000000000000000e+03
1.788000000000000000e+03
1.790000000000000000e+03
1.791000000000000000e+03
1.795000000000000000e+03
1.798000000000000000e+03
1.806000000000000000e+03
1.807000000000000000e+03
1.813000000000000000e+03
1.819000000000000000e+03
1.823000000000000000e+03
1.826000000000000000e+03
1.830000000000000000e+03
1.833000000000000000e+03
1.834000000000000000e+03
1.836000000000000000e+03
1.838000000000000000e+03
1.839000000000000000e+03
1.840000000000000000e+03
1.845000000000000000e+03
1.847000000000000000e+03
1.853000000000000000e+03
1.855000000000000000e+03
1.862000000000000000e+03
1.863000000000000000e+03
1.872000000000000000e+03
1.873000000000000000e+03
1.876000000000000000e+03
1.877000000000000000e+03
1.879000000000000000e+03
1.885000000000000000e+03
1.896000000000000000e+03
1.910000000000000000e+03
1.912000000000000000e+03
1.913000000000000000e+03
1.927000000000000000e+03
1.928000000000000000e+03
1.935000000000000000e+03
1.936000000000000000e+03
